1 25544U 98067A   17001.10660880  .00001073  00000-0  23630-4 0  9997
2 25544  51.6423 151.2131 0007045  39.8224 315.5565 15.53964187 35761
1 25544U 98067A   17001.16844907  .00001073  00000-0  23621-4 0  9997
2 25544  51.6424 150.9049 0007046  40.0484 301.5111 15.53964377 35773
1 25544U 98067A   17001.57644008  .00001076  00000-0  23677-4 0  9996
2 25544  51.6420 148.8714 0007058  41.5594  63.9277 15.53965746 35846
1 25544U 98067A   17001.57644008  .00001076  00000-0  23677-4 0  9996
2 25544  51.6420 148.8714 0007058  41.5594  63.9277 15.53965746 35846
1 25544U 98067A   17001.70972880  .00001142  00000-0  24664-4 0  9994
2 25544  51.6420 148.2071 0007075  41.7908  89.8453 15.53966463 35868
1 25544U 98067A   17002.02698068  .00001245  00000-0  26229-4 0  9996
2 25544  51.6426 146.6273 0007099  42.7304  64.8799 15.53968150 35914
1 25544U 98067A   17002.29967358  .00001230  00000-0  25997-4 0  9991
2 25544  51.6426 145.2680 0007141  43.5851 150.5584 15.53969070 35956
1 25544U 98067A   17002.41173699  .00001263  00000-0  26504-4 0  9993
2 25544  51.6425 144.7093 0007154  44.0404  57.4351 15.53969699 35977
1 25544U 98067A   17002.41173699  .00001263  00000-0  26504-4 0  9993
2 25544  51.6425 144.7093 0007154  44.0404  57.4351 15.53969699 35977
1 25544U 98067A   17002.67230752  .00001552  00000-0  30894-4 0  9993
2 25544  51.6429 143.4098 0007203  44.4752  75.6818 15.53972288 36011
1 25544U 98067A   17003.09688657  .00001823  00000-0  35001-4 0  9997
2 25544  51.6433 141.2937 0007205  46.4920 290.4694 15.53975454 36078
1 25544U 98067A   17003.24265231  .00001928  00000-0  36589-4 0  9991
2 25544  51.6433 140.5669 0007226  46.5820  26.3815 15.53976733 36101
1 25544U 98067A   17003.37552484  .00002115  00000-0  39413-4 0  9992
2 25544  51.6433 139.9047 0007179  47.1118  49.6816 15.53978554 36121
1 25544U 98067A   17003.37552484  .00002115  00000-0  39413-4 0  9992
2 25544  51.6433 139.9047 0007179  47.1118  49.6816 15.53978554 36121
1 25544U 98067A   17003.71603009  .00002353  00000-0  43027-4 0  9990
2 25544  51.6431 138.2079 0007163  48.3952 154.5622 15.53981435 36176
1 25544U 98067A   17004.13129630  .00002755  00000-0  49117-4 0  9992
2 25544  51.6436 136.1389 0007259  49.6454 317.9976 15.53985900 36245
1 25544U 98067A   17004.20572429  .00002780  00000-0  49487-4 0  9996
2 25544  51.6436 135.7678 0007238  49.9278  14.3680 15.53986505 36258
1 25544U 98067A   17004.20572429  .00002780  00000-0  49487-4 0  9996
2 25544  51.6436 135.7678 0007238  49.9278  14.3680 15.53986505 36258
1 25544U 98067A   17004.68160880  .00002874  00000-0  50906-4 0  9994
2 25544  51.6431 133.3962 0007283  51.5061 156.8218 15.53989893 36322
1 25544U 98067A   17005.09362269  .00002965  00000-0  52283-4 0  9996
2 25544  51.6436 131.3436 0007297  53.0366 301.7772 15.53993117 36387
1 25544U 98067A   17005.36098128  .00003078  00000-0  53984-4 0  9991
2 25544  51.6434 130.0110 0007356  53.6574 357.8560 15.53995690 36434
1 25544U 98067A   17005.36098128  .00003078  00000-0  53984-4 0  9991
2 25544  51.6434 130.0110 0007356  53.6574 357.8560 15.53995690 36434
1 25544U 98067A   17005.62303206  .00003110  00000-0  54466-4 0  9999
2 25544  51.6431 128.7052 0007358  54.2523  24.2450 15.53997518 36471
1 25544U 98067A   17005.81998919  .00003110  00000-0  54466-4 0  9991
2 25544  51.6431 127.7232 0007357  54.9813  46.1023 15.53998937 36507
1 25544U 98067A   17006.20011595  .00003203  00000-0  55869-4 0  9992
2 25544  51.6436 125.8293 0007365  56.4536  12.6243 15.54002363 36564
1 25544U 98067A   17006.20011595  .00003203  00000-0  55869-4 0  9992
2 25544  51.6436 125.8293 0007365  56.4536  12.6243 15.54002363 36564
1 25544U 98067A   17006.60584491  .00003483  00000-0  60094-4 0  9992
2 25544  51.6436 123.8064 0007450  57.6027 122.8051 15.54007212 36627
1 25544U 98067A   17006.95949946  .00004526  00000-0  68445-4 0  9997
2 25544  51.6407 122.0487 0007229  55.7883 304.4313 15.54013987 36689
1 25544U 98067A   17007.02178241  .00003483  00000-0  60094-4 0  9991
2 25544  51.6436 121.7326 0007450  59.1455 289.7392 15.54010518 36687
1 25544U 98067A   17007.16478721  .00003791  00000-0  64752-4 0  9999
2 25544  51.6441 121.0205 0007457  60.0911   9.3637 15.54013454 36711
1 25544U 98067A   17007.57358796  .00004093  00000-0  69310-4 0  9994
2 25544  51.6437 118.9836 0007388  61.2814 136.7131 15.54018536 36775
1 25544U 98067A   17007.57358796  .00004093  00000-0  69310-4 0  9994
2 25544  51.6437 118.9836 0007388  61.2814 136.7131 15.54018536 36775
1 25544U 98067A   17007.75941133  .00004349  00000-0  73177-4 0  9997
2 25544  51.6436 118.0574 0007377  62.0560  96.2140 15.54021392 36807
1 25544U 98067A   17008.12810949  .00004425  00000-0  74324-4 0  9999
2 25544  51.6438 116.2203 0007381  63.5282 358.7856 15.54025319 36869
1 25544U 98067A   17008.12810949  .00004425  00000-0  74324-4 0  9999
2 25544  51.6438 116.2203 0007381  63.5282 358.7856 15.54025319 36869
1 25544U 98067A   17008.52482174  .00004431  00000-0  74395-4 0  9993
2 25544  51.6437 114.2423 0007422  64.8408  58.3502 15.54029215 36927
1 25544U 98067A   17008.60260417  .00004506  00000-0  75530-4 0  9991
2 25544  51.6438 113.8546 0007426  64.3610 134.2722 15.54030252 36935
1 25544U 98067A   17008.60260417  .00004506  00000-0  75530-4 0  9991
2 25544  51.6438 113.8546 0007426  64.3610 134.2722 15.54030252 36935
1 25544U 98067A   17009.08224537  .00004507  00000-0  75530-4 0  9998
2 25544  51.6438 111.4631 0007426  66.1413 297.6322 15.54035048 37013
1 25544U 98067A   17009.15855624  .00004507  00000-0  75530-4 0  9993
2 25544  51.6438 111.0826 0007425  66.4257   4.5542 15.54035811 37021
1 25544U 98067A   17009.62122729  .00004043  00000-0  68514-4 0  9997
2 25544  51.6445 108.7800 0007375  67.3609  73.7508 15.54037783 37096
1 25544U 98067A   17009.62122729  .00004043  00000-0  68514-4 0  9997
2 25544  51.6445 108.7800 0007375  67.3609  73.7508 15.54037783 37096
1 25544U 98067A   17009.74253446  .00003980  00000-0  67554-4 0  9993
2 25544  51.6446 108.1754 0007353  67.4709  32.7474 15.54038656 37117
1 25544U 98067A   17010.51761505  .00003667  00000-0  62800-4 0  9991
2 25544  51.6437 104.3126 0007320  70.4391  48.8747 15.54043806 37230
1 25544U 98067A   17010.51761505  .00003667  00000-0  62800-4 0  9991
2 25544  51.6437 104.3126 0007320  70.4391  48.8747 15.54043806 37230
1 25544U 98067A   17010.71775557  .00003772  00000-0  64385-4 0  9992
2 25544  51.6442 103.3155 0007347  70.6380  89.1178 15.54046075 37266
1 25544U 98067A   17011.00969907  .00003772  00000-0  64385-4 0  9999
2 25544  51.6442 101.8599 0007347  71.7203 282.4169 15.54048564 37305
1 25544U 98067A   17011.00969907  .00003772  00000-0  64385-4 0  9999
2 25544  51.6442 101.8599 0007347  71.7203 282.4169 15.54048564 37305
1 25544U 98067A   17011.67020009  .00003058  00000-0  53592-4 0  9998
2 25544  51.6442  98.5665 0007346  74.1700  17.6245 15.54049757 37419
1 25544U 98067A   17011.68179851  .00003075  00000-0  53839-4 0  9992
2 25544  51.6438  98.5104 0007419  75.2003  81.5273 15.54050057 37417
1 25544U 98067A   17012.18518637  .00002951  00000-0  51966-4 0  9998
2 25544  51.6437  96.0004 0007437  76.4168  18.4226 15.54053036 37498
1 25544U 98067A   17012.18518637  .00002951  00000-0  51966-4 0  9998
2 25544  51.6437  96.0004 0007437  76.4168  18.4226 15.54053036 37498
1 25544U 98067A   17012.64537891  .00002716  00000-0  48413-4 0  9994
2 25544  51.6436  93.7063 0007460  77.7228  73.4094 15.54054908 37564
1 25544U 98067A   17012.81136360  .00006719  00000-0  95728-4 0  9997
2 25544  51.6730  92.8737 0013619  68.9251 291.3722 15.55554894 37592
1 25544U 98067A   17012.93744213  .00002634  00000-0  47166-4 0  9997
2 25544  51.6438  92.2505 0007434  78.5234 267.6679 15.54056433 37604
1 25544U 98067A   17013.15033425  .00002869  00000-0  50708-4 0  9994
2 25544  51.6434  91.1885 0007402  79.2037  18.8318 15.54059189 37644
1 25544U 98067A   17013.16872557  .00002877  00000-0  50839-4 0  9996
2 25544  51.6435  91.0972 0007376  79.4998 121.4966 15.54059375 37646
1 25544U 98067A   17013.60985296  .00002762  00000-0  49090-4 0  9990
2 25544  51.6436  88.8992 0007382  79.8867  70.6785 15.54061452 37710
1 25544U 98067A   17013.60985296  .00002762  00000-0  49090-4 0  9990
2 25544  51.6436  88.8992 0007382  79.8867  70.6785 15.54061452 37710
1 25544U 98067A   17013.66453757  .00002774  00000-0  49270-4 0  9991
2 25544  51.6436  88.6266 0007381  79.9762  16.7314 15.54061850 37728
1 25544U 98067A   17014.13194594  .00002745  00000-0  48824-4 0  9997
2 25544  51.6436  86.2957 0007417  81.5618 111.8549 15.54064729 37790
1 25544U 98067A   17014.37201140  .00002348  00000-0  42829-4 0  9997
2 25544  51.6434  85.1001 0007512  82.5491  14.8248 15.54063875 37836
1 25544U 98067A   17014.49841743  .00002353  00000-0  42910-4 0  9996
2 25544  51.6431  84.4702 0007525  82.7640   2.2734 15.54064573 37854
1 25544U 98067A   17014.49841743  .00002353  00000-0  42910-4 0  9996
2 25544  51.6431  84.4702 0007525  82.7640   2.2734 15.54064573 37854
1 25544U 98067A   17014.63185928  .00002346  00000-0  42801-4 0  9999
2 25544  51.6436  83.8061 0007548  84.0617  28.0286 15.54065301 37874
1 25544U 98067A   17014.70163608  .00002393  00000-0  43513-4 0  9991
2 25544  51.6437  83.4581 0007573  83.7480  58.9779 15.54066028 37887
1 25544U 98067A   17015.07504726  .00002376  00000-0  43246-4 0  9996
2 25544  51.6437  81.5966 0007598  84.5475 348.6643 15.54068130 37945
1 25544U 98067A   17015.19941878  .00002373  00000-0  43200-4 0  9999
2 25544  51.6436  80.9765 0007613  84.9706 324.5172 15.54068802 37961
1 25544U 98067A   17015.19941878  .00002373  00000-0  43200-4 0  9999
2 25544  51.6436  80.9765 0007613  84.9706 324.5172 15.54068802 37961
1 25544U 98067A   17015.60360891  .00002141  00000-0  39692-4 0  9998
2 25544  51.6439  78.9621 0007597  86.8262  65.4584 15.54069842 38022
1 25544U 98067A   17016.03895122  .00001952  00000-0  36839-4 0  9995
2 25544  51.6440  76.7923 0007570  87.5099 341.9759 15.54071307 38094
1 25544U 98067A   17016.17397199  .00002025  00000-0  37939-4 0  9995
2 25544  51.6440  76.1191 0007571  88.0111  17.3730 15.54072441 38113
1 25544U 98067A   17016.17397199  .00002025  00000-0  37939-4 0  9995
2 25544  51.6440  76.1191 0007571  88.0111  17.3730 15.54072441 38113
1 25544U 98067A   17016.63052991  .00001938  00000-0  36618-4 0  9999
2 25544  51.6443  73.8430 0007632  89.3992  51.9635 15.54074195 38188
1 25544U 98067A   17016.86071759  .00001938  00000-0  36618-4 0  9997
2 25544  51.6431  72.6979 0007755  89.1531 260.8929 15.54081333 38216
1 25544U 98067A   17017.13896267  .00002065  00000-0  38527-4 0  9990
2 25544  51.6439  71.3078 0007666  90.6624  17.1045 15.54077492 38269
1 25544U 98067A   17017.19632130  .00001990  00000-0  37397-4 0  9993
2 25544  51.6441  71.0221 0007607  91.2753 337.6051 15.54077319 38270
1 25544U 98067A   17017.59819834  .00002250  00000-0  41330-4 0  9997
2 25544  51.6445  69.0186 0007721  93.0449  65.7032 15.54080418 38339
1 25544U 98067A   17017.59819834  .00002250  00000-0  41330-4 0  9997
2 25544  51.6445  69.0186 0007721  93.0449  65.7032 15.54080418 38339
1 25544U 98067A   17017.65986509  .00002284  00000-0  41837-4 0  9997
2 25544  51.6445  68.7112 0007724  93.3188  50.6646 15.54080883 38341
1 25544U 98067A   17018.16759178  .00002139  00000-0  39647-4 0  9999
2 25544  51.6445  66.1799 0007746  95.7219  10.7210 15.54083144 38425
1 25544U 98067A   17018.16759178  .00002139  00000-0  39647-4 0  9999
2 25544  51.6445  66.1799 0007746  95.7219  10.7210 15.54083144 38425
1 25544U 98067A   17018.74677360  .00001918  00000-0  36308-4 0  9990
2 25544  51.6445  63.2927 0007776  97.6583  11.2762 15.54084733 38517
1 25544U 98067A   17019.13191959  .00001958  00000-0  36905-4 0  9996
2 25544  51.6442  61.3724 0007776  99.0664   6.0787 15.54086930 38570
1 25544U 98067A   17019.19816405  .00001915  00000-0  36250-4 0  9998
2 25544  51.6442  61.0421 0007772  99.4450  16.5633 15.54086990 38587
1 25544U 98067A   17019.19816405  .00001915  00000-0  36250-4 0  9998
2 25544  51.6442  61.0421 0007772  99.4450  16.5633 15.54086990 38587
1 25544U 98067A   17019.56330708  .00005251  00000-0  79167-4 0  9997
2 25544  51.6427  59.2237 0007634 100.3954 259.8419 15.54094581166695
1 25544U 98067A   17019.58516102  .00002065  00000-0  38518-4 0  9998
2 25544  51.6446  59.1126 0007750  99.4904  23.0931 15.54089663 38642
1 25544U 98067A   17019.96155885  .00002112  00000-0  39221-4 0  9992
2 25544  51.6447  57.2358 0007738 100.8097 329.0141 15.54091875 38702
1 25544U 98067A   17020.22732226  .00002452  00000-0  44346-4 0  9994
2 25544  51.6447  55.9111 0007777 101.7147  15.9828 15.54095569 38744
1 25544U 98067A   17020.22732226  .00002452  00000-0  44346-4 0  9994
2 25544  51.6447  55.9111 0007777 101.7147  15.9828 15.54095569 38744
1 25544U 98067A   17020.92725822  .00003134  00000-0  54636-4 0  9996
2 25544  51.6449  52.4223 0007788 103.7266 332.5519 15.54103734 38859
1 25544U 98067A   17021.11333109  .00003352  00000-0  57922-4 0  9994
2 25544  51.6449  51.4948 0007734 104.2756 293.7357 15.54106490 38886
1 25544U 98067A   17021.25349697  .00003382  00000-0  58373-4 0  9992
2 25544  51.6444  50.7963 0007739 104.7958 357.9333 15.54107621 38901
1 25544U 98067A   17021.25349697  .00003382  00000-0  58373-4 0  9992
2 25544  51.6444  50.7963 0007739 104.7958 357.9333 15.54107621 38901
1 25544U 98067A   17021.58198007  .00003879  00000-0  65858-4 0  9992
2 25544  51.6447  49.1598 0007667 105.4336  36.3120 15.54112352 38952
1 25544U 98067A   17021.88686477  .00004204  00000-0  70740-4 0  9997
2 25544  51.6453  47.6425 0007617 108.4001 300.2548 15.54116805 39009
1 25544U 98067A   17022.09179499  .00004043  00000-0  68318-4 0  9991
2 25544  51.6446  46.6182 0007693 107.8102   8.1489 15.54117682 39034
1 25544U 98067A   17022.21773383  .00003992  00000-0  67538-4 0  9992
2 25544  51.6449  45.9904 0007711 107.9836 353.0464 15.54118499 39051
1 25544U 98067A   17022.54550778  .00004084  00000-0  68917-4 0  9994
2 25544  51.6449  44.3576 0007636 108.6854  27.3992 15.54121754 39104
1 25544U 98067A   17022.54550778  .00004084  00000-0  68917-4 0  9994
2 25544  51.6449  44.3576 0007636 108.6854  27.3992 15.54121754 39104
1 25544U 98067A   17022.59657618  .00004039  00000-0  68240-4 0  9999
2 25544  51.6452  44.1036 0007613 108.9181 313.0747 15.54122070 39114
1 25544U 98067A   17023.63312707 +.00004251 +00000-0 +71414-4 0  9995
2 25544 051.6447 038.9362 0007650 112.0743 353.1241 15.54132975039278
1 25544U 98067A   17024.54013045 +.00004750 +00000-0 +78902-4 0  9992
2 25544 051.6438 034.4158 0007710 114.1014 029.0572 15.54144102007167
1 25544U 98067A   17024.54013045 +.00004759 +00000-0 +79031-4 0  9995
2 25544 051.6440 034.4158 0007683 114.2927 028.8659 15.54144136039416
1 25544U 98067A   17026.69824074 +.00004447 +00000-0 +74282-4 0  9992
2 25544 051.6438 023.6564 0007663 120.9983 224.6923 15.54164715039749
1 25544U 98067A   17027.92950008 +.00004570 +00000-0 +76092-4 0  9994
2 25544 051.6439 017.5186 0007691 127.4732 271.7047 15.54177687039941
1 25544U 98067A   17028.69377315 +.00005276 +00000-0 +86681-4 0  9992
2 25544 051.6440 013.7099 0007722 130.1081 228.0714 15.54189634040052
1 25544U 98067A   17029.79959237 +.00006477 +00000-0 +10466-3 0  9994
2 25544 051.6442 008.1957 0007705 133.3543 296.1382 15.54209728040238
1 25544U 98067A   17030.68611111 +.00006330 +00000-0 +10241-3 0  9999
2 25544 051.6442 003.7754 0007618 135.3384 217.6582 15.54220467040369
1 25544U 98067A   17031.71635417 +.00004619 +00000-0 +76708-4 0  9998
2 25544 051.6440 358.6380 0007775 139.7517 221.4581 15.54224457040538
1 25544U 98067A   17033.92271484 +.00009688 +00000-0 +15249-3 0  9996
2 25544 051.6444 347.6398 0007495 148.2895 326.3962 15.54277243040878
1 25544U 98067A   17035.90786378 +.00006972 +00000-0 +11174-3 0  9995
2 25544 051.6451 337.7403 0007453 154.5074 275.2749 15.54298665041187
1 25544U 98067A   17036.93150597 +.00005232 +00000-0 +85674-4 0  9992
2 25544 051.6447 332.6367 0007410 157.7779 243.5421 15.54303420041344
1 25544U 98067A   17037.96894006 +.00004795 +00000-0 +79100-4 0  9996
2 25544 051.6450 327.4639 0007469 161.7930 288.3402 15.54312699041502
1 25544U 98067A   17038.93309444 +.00004418 +00000-0 +73444-4 0  9998
2 25544 051.6455 322.6559 0007459 165.1528 283.5150 15.54320610041650
1 25544U 98067A   17039.26545378  .00004390  00000-0  73013-4 0  9994
2 25544  51.6452 321.0001 0007396 166.2737 343.3606 15.54323620 41707
1 25544U 98067A   17039.56131944  .00004268  00000-0  71173-4 0  9996
2 25544  51.6456 319.5252 0007416 167.8485 198.4202 15.54326115 41759
1 25544U 98067A   17039.75852068  .00004308  00000-0  71778-4 0  9990
2 25544  51.6456 318.5416 0007437 168.7918 221.6645 15.54328229 41785
1 25544U 98067A   17039.96429193  .00004100  00000-0  68652-4 0  9999
2 25544  51.6458 317.5143 0007474 169.2402 293.3850 15.54328952 41819
1 25544U 98067A   17040.22654098  .00004071  00000-0  68213-4 0  9994
2 25544  51.6461 316.2070 0007419 170.1825 320.8522 15.54331199 41850
1 25544U 98067A   17040.29320265  .00004066  00000-0  68137-4 0  9996
2 25544  51.6462 315.8746 0007416 170.3593 333.9343 15.54331824 41869
1 25544U 98067A   17040.29320265  .00004066  00000-0  68137-4 0  9996
2 25544  51.6462 315.8746 0007416 170.3593 333.9343 15.54331824 41869
1 25544U 98067A   17040.73400054  .00003988  00000-0  66971-4 0  9996
2 25544  51.6459 313.6759 0007367 172.0817 280.3748 15.54335358 41936
1 25544U 98067A   17040.92919821  .00003611  00000-0  61332-4 0  9993
2 25544  51.6454 312.7034 0007430 172.2834 293.1392 15.54335080 41961
1 25544U 98067A   17041.19564595  .00003460  00000-0  59067-4 0  9991
2 25544  51.6454 311.3749 0007444 173.1749 344.1710 15.54336484 42005
1 25544U 98067A   17041.25722287  .00003391  00000-0  58028-4 0  9991
2 25544  51.6454 311.0678 0007457 173.6531 328.4815 15.54336692 42014
1 25544U 98067A   17041.48700231  .00003303  00000-0  56709-4 0  9998
2 25544  51.6455 309.9216 0007286 174.1362 174.6047 15.54337967 42044
1 25544U 98067A   17041.55328704  .00002566  00000-0  45686-4 0  9999
2 25544  51.6455 309.5920 0007319 174.3676 185.5177 15.54336103 42056
1 25544U 98067A   17041.55328704  .00002599  00000-0  46179-4 0  9993
2 25544  51.6455 309.5919 0007287 174.1633 185.7226 15.54336289 42051
1 25544U 98067A   17041.55328704  .00002599  00000-0  46179-4 0  9993
2 25544  51.6455 309.5919 0007287 174.1633 185.7226 15.54336289 42051
1 25544U 98067A   17041.95514066  .00003190  00000-0  55020-4 0  9998
2 25544  51.6455 307.5870 0007391 176.0712 273.9298 15.54340827 42120
1 25544U 98067A   17042.09431602  .00003107  00000-0  53773-4 0  9999
2 25544  51.6455 306.8929 0007377 176.3737 332.9152 15.54341395 42149
1 25544U 98067A   17042.22060839  .00002947  00000-0  51381-4 0  9998
2 25544  51.6457 306.2637 0007411 176.9731 319.4685 15.54341755 42163
1 25544U 98067A   17042.51988426  .00002779  00000-0  48872-4 0  9995
2 25544  51.6457 304.7708 0007442 178.2253 193.9631 15.54343073 42210
1 25544U 98067A   17042.59427955  .00002780  00000-0  48872-4 0  9990
2 25544  51.6457 304.3997 0007442 178.5031 250.2503 15.54343560 42220
1 25544U 98067A   17042.59427955  .00002780  00000-0  48872-4 0  9990
2 25544  51.6457 304.3997 0007442 178.5031 250.2503 15.54343560 42220
1 25544U 98067A   17042.93568287  .00002901  00000-0  50676-4 0  9992
2 25544  51.6453 302.6968 0007314 179.7402   0.6548 15.54346683 42278
1 25544U 98067A   17043.18699354  .00003121  00000-0  53971-4 0  9996
2 25544  51.6455 301.4443 0007231 180.1182 327.4598 15.54349616 42313
1 25544U 98067A   17043.25093866  .00003131  00000-0  54124-4 0  9992
2 25544  51.6455 301.1255 0007303 180.4471 325.1837 15.54350108 42325
1 25544U 98067A   17043.25093866  .00003131  00000-0  54124-4 0  9992
2 25544  51.6455 301.1255 0007303 180.4471 325.1837 15.54350108 42325
1 25544U 98067A   17043.69175813  .00003200  00000-0  55137-4 0  9995
2 25544  51.6455 298.9267 0007310 182.2146 271.7322 15.54353691 42390
1 25544U 98067A   17043.74936190  .00003200  00000-0  55137-4 0  9994
2 25544  51.6455 298.6393 0007310 182.4274 234.0651 15.54354116 42403
1 25544U 98067A   17043.88467005  .00003097  00000-0  53597-4 0  9995
2 25544  51.6451 297.9652 0007313 182.6729 271.4588 15.54354443 42428
1 25544U 98067A   17043.96393519  .00003090  00000-0  53492-4 0  9999
2 25544  51.6451 297.5698 0007315 183.0744 354.8932 15.54354939 42438
1 25544U 98067A   17044.15352924  .00003232  00000-0  55610-4 0  9998
2 25544  51.6451 296.6251 0007283 183.6307 335.9482 15.54356869 42465
1 25544U 98067A   17044.21493905  .00003231  00000-0  55605-4 0  9993
2 25544  51.6451 296.3189 0007271 183.9691 319.4674 15.54357297 42475
1 25544U 98067A   17044.44526620  .00003207  00000-0  55243-4 0  9990
2 25544  51.6452 295.1707 0007233 184.4984 168.6302 15.54358840 42509
1 25544U 98067A   17044.44526620  .00003207  00000-0  55243-4 0  9990
2 25544  51.6452 295.1707 0007233 184.4984 168.6302 15.54358840 42509
1 25544U 98067A   17044.58861981  .00003208  00000-0  55243-4 0  9998
2 25544  51.6452 294.4556 0007233 185.0330 250.7904 15.54359901 42538
1 25544U 98067A   17044.84852943  .00003082  00000-0  53356-4 0  9998
2 25544  51.6451 293.1589 0007170 185.5485 265.6126 15.54361159 42578
1 25544U 98067A   17044.91258988  .00003062  00000-0  53064-4 0  9999
2 25544  51.6451 292.8393 0007178 185.8320 264.0294 15.54361488 42581
1 25544U 98067A   17044.92943287  .00003006  00000-0  52234-4 0  9999
2 25544  51.6451 292.7552 0007171 185.9908 358.1798 15.54361261 42586
1 25544U 98067A   17045.17831013  .00002945  00000-0  51314-4 0  9999
2 25544  51.6440 291.5152 0007198 186.8384 310.8974 15.54362619 42628
1 25544U 98067A   17045.48540787  .00002847  00000-0  49841-4 0  9991
2 25544  51.6441 289.9835 0007164 188.2389 229.0645 15.54364279 42677
1 25544U 98067A   17045.48540787  .00002847  00000-0  49841-4 0  9991
2 25544  51.6441 289.9835 0007164 188.2389 229.0645 15.54364279 42677
1 25544U 98067A   17045.88035537  .00002676  00000-0  47285-4 0  9997
2 25544  51.6443 288.0135 0007189 189.4322 279.3472 15.54366005 42731
1 25544U 98067A   17045.94702083  .00002673  00000-0  47238-4 0  9996
2 25544  51.6441 287.6813 0007159 189.8208 292.2463 15.54366360 42740
1 25544U 98067A   17046.19926131  .00002550  00000-0  45396-4 0  9993
2 25544  51.6442 286.4234 0007143 190.8509 263.6202 15.54367697 42785
1 25544U 98067A   17046.51674720  .00002527  00000-0  45049-4 0  9992
2 25544  51.6442 284.8397 0007107 191.9940 240.2193 15.54369543 42836
1 25544U 98067A   17046.65191284  .00002561  00000-0  45561-4 0  9993
2 25544  51.6441 284.1656 0007093 192.6459 276.4202 15.54370541 42857
1 25544U 98067A   17046.65191284  .00002561  00000-0  45561-4 0  9993
2 25544  51.6441 284.1656 0007093 192.6459 276.4202 15.54370541 42857
1 25544U 98067A   17046.99068287  .00002516  00000-0  44878-4 0  9996
2 25544  51.6437 282.4759 0007108 193.6561  12.3331 15.54372190 42907
1 25544U 98067A   17047.17257612  .00002617  00000-0  46391-4 0  9993
2 25544  51.6437 281.5689 0007079 194.3705 310.1231 15.54373820 42936
1 25544U 98067A   17047.17257612  .00002617  00000-0  46391-4 0  9993
2 25544  51.6437 281.5689 0007079 194.3705 310.1231 15.54373820 42936
1 25544U 98067A   17047.47948720  .00002655  00000-0  46958-4 0  9994
2 25544  51.6437 280.0377 0007193 195.6024 227.4300 15.54375969 42987
1 25544U 98067A   17047.54870998  .00002691  00000-0  47491-4 0  9996
2 25544  51.6436 279.6924 0007201 195.9181 254.7256 15.54376599 42999
1 25544U 98067A   17047.54870998  .00002691  00000-0  47491-4 0  9996
2 25544  51.6436 279.6924 0007201 195.9181 254.7256 15.54376599 42999
1 25544U 98067A   17047.60371321  .00002674  00000-0  47239-4 0  9990
2 25544  51.6436 279.4182 0007185 196.0769 202.5552 15.54376874 43007
1 25544U 98067A   17047.88638889  .00002465  00000-0  44109-4 0  9996
2 25544  51.6432 278.0086 0007104 197.0237 344.4347 15.54377231 43043
1 25544U 98067A   17048.13702124  .00002530  00000-0  45075-4 0  9995
2 25544  51.6426 276.7591 0007109 197.9373 306.9301 15.54378928 43088
1 25544U 98067A   17048.13702124  .00002530  00000-0  45075-4 0  9995
2 25544  51.6426 276.7591 0007109 197.9373 306.9301 15.54378928 43088
1 25544U 98067A   17048.13702124  .00002533  00000-0  45124-4 0  9993
2 25544  51.6427 276.7590 0007135 197.8925 306.9752 15.54378946 43089
1 25544U 98067A   17048.57667564  .00002324  00000-0  42005-4 0  9992
2 25544  51.6427 274.5669 0007026 199.9470 246.7513 15.54380521 43155
1 25544U 98067A   17048.89974587  .00002197  00000-0  40095-4 0  9998
2 25544  51.6424 272.9557 0006989 200.9443 254.7767 15.54381561 43201
1 25544U 98067A   17048.96370434  .00002205  00000-0  40213-4 0  9999
2 25544  51.6424 272.6368 0007001 201.0541 252.8018 15.54381954 43210
1 25544U 98067A   17049.22307963  .00002181  00000-0  39862-4 0  9997
2 25544  51.6427 271.3436 0007020 201.9530 264.2731 15.54383447 43255
1 25544U 98067A   17049.47333221  .00002211  00000-0  40300-4 0  9993
2 25544  51.6426 270.0952 0006953 203.0256 224.4883 15.54384937 43290
1 25544U 98067A   17049.59617727  .00002234  00000-0  40643-4 0  9997
2 25544  51.6426 269.4826 0006943 203.4452 191.9407 15.54385810 43317
1 25544U 98067A   17049.59617727  .00002234  00000-0  40643-4 0  9997
2 25544  51.6426 269.4826 0006943 203.4452 191.9407 15.54385810 43317
1 25544U 98067A   17049.88021991  .00002234  00000-0  40643-4 0  9991
2 25544  51.6426 268.0655 0006943 204.5045 341.3791 15.54387358 43352
1 25544U 98067A   17049.93761821  .00002393  00000-0  43017-4 0  9994
2 25544  51.6417 267.7807 0006814 204.2390 303.0469 15.54388368 43364
1 25544U 98067A   17050.06808024  .00002440  00000-0  43724-4 0  9995
2 25544  51.6423 267.1314 0006717 204.8819 312.9276 15.54389471 43385
1 25544U 98067A   17050.18703969  .00002440  00000-0  43724-4 0  9990
2 25544  51.6423 266.5379 0006717 205.3224 258.6023 15.54390169 43400
1 25544U 98067A   17050.56429271  .00002560  00000-0  45508-4 0  9998
2 25544  51.6423 264.6561 0006799 206.9540 209.4104 15.54393083 43468
1 25544U 98067A   17050.57210679  .00002566  00000-0  45589-4 0  9994
2 25544  51.6424 264.6172 0006796 206.9757 253.1440 15.54393165 43464
1 25544U 98067A   17050.57210679  .00002566  00000-0  45589-4 0  9994
2 25544  51.6424 264.6172 0006796 206.9757 253.1440 15.54393165 43464
1 25544U 98067A   17050.84443287  .00002567  00000-0  45603-4 0  9995
2 25544  51.6419 263.2595 0006735 208.0604 336.9554 15.54394695 43509
1 25544U 98067A   17050.89897066  .00002606  00000-0  46187-4 0  9990
2 25544  51.6417 262.9877 0006742 208.2851 282.1172 15.54395187 43516
1 25544U 98067A   17051.09404132  .00002669  00000-0  47126-4 0  9994
2 25544  51.6419 262.0152 0006739 208.9887 293.7190 15.54396663 43548
1 25544U 98067A   17051.32241898  .00002703  00000-0  47634-4 0  9991
2 25544  51.6422 260.8766 0006661 210.0285 131.4888 15.54398270 43570
1 25544U 98067A   17051.53431103  .00002759  00000-0  48460-4 0  9993
2 25544  51.6421 259.8195 0006735 210.6869 237.3325 15.54399968 43611
1 25544U 98067A   17051.59153628  .00002780  00000-0  48782-4 0  9993
2 25544  51.6420 259.5344 0006744 210.9524 197.5032 15.54400469 43626
1 25544U 98067A   17051.59153628  .00002780  00000-0  48782-4 0  9993
2 25544  51.6420 259.5344 0006744 210.9524 197.5032 15.54400469 43626
1 25544U 98067A   17051.91846382  .00002859  00000-0  49950-4 0  9990
2 25544  51.6421 257.9035 0006730 212.2220 226.8823 15.54402762 43676
1 25544U 98067A   17051.92940073  .00002868  00000-0  50085-4 0  9994
2 25544  51.6421 257.8491 0006739 212.2005 288.1458 15.54402879 43675
1 25544U 98067A   17052.05729308  .00002868  00000-0  50085-4 0  9995
2 25544  51.6421 257.2110 0006739 212.6759 283.8118 15.54403738 43699
1 25544U 98067A   17052.28474537  .00002801  00000-0  49082-4 0  9993
2 25544  51.6426 256.0773 0006653 213.8207 116.2995 15.54405043 43729
1 25544U 98067A   17052.55442823  .00002766  00000-0  48552-4 0  9997
2 25544  51.6424 254.7320 0006678 214.7842 185.4453 15.54406723 43770
1 25544U 98067A   17052.55442823  .00002766  00000-0  48552-4 0  9997
2 25544  51.6424 254.7320 0006678 214.7842 185.4453 15.54406723 43770
1 25544U 98067A   17052.55442823  .00002774  00000-0  48677-4 0  9994
2 25544  51.6424 254.7320 0006697 214.7382 185.4913 15.54406747 43777
1 25544U 98067A   17052.90609954  .00002766  00000-0  48552-4 0  9996
2 25544  51.6424 252.9776 0006678 216.0963 353.3450 15.54409014 43829
1 25544U 98067A   17053.08757943  .00002766  00000-0  48552-4 0  9998
2 25544  51.6424 252.0722 0006678 216.7694 288.8843 15.54410197 43854
1 25544U 98067A   17053.25300926  .00002766  00000-0  48552-4 0  9992
2 25544  51.6424 251.2468 0006677 217.3821 134.6109 15.54411274 43872
1 25544U 98067A   17053.52178456  .00003000  00000-0  52044-4 0  9996
2 25544  51.6415 249.9050 0006460 218.3606 198.6745 15.54414638 43924
1 25544U 98067A   17053.52178456  .00003000  00000-0  52044-4 0  9996
2 25544  51.6415 249.9050 0006460 218.3606 198.6745 15.54414638 43924
1 25544U 98067A   17053.91144544  .00002997  00000-0  51983-4 0  9995
2 25544  51.6416 247.9616 0006523 219.5655 219.4159 15.54417103 43985
1 25544U 98067A   17054.17434208  .00002978  00000-0  51703-4 0  9992
2 25544  51.6416 246.6500 0006536 220.3905 250.7108 15.54418802 44020
1 25544U 98067A   17054.27942130  .00003009  00000-0  52169-4 0  9994
2 25544  51.6416 246.1257 0006535 220.7809 118.7206 15.54419417 44036
1 25544U 98067A   17054.48472073  .00003019  00000-0  52317-4 0  9997
2 25544  51.6416 245.1017 0006659 220.4439 188.6650 15.54421303 44072
1 25544U 98067A   17054.55909344  .00002977  00000-0  51677-4 0  9991
2 25544  51.6410 244.7310 0006703 220.6438 244.9238 15.54421533 44082
1 25544U 98067A   17054.55909344  .00002977  00000-0  51677-4 0  9991
2 25544  51.6410 244.7310 0006703 220.6438 244.9238 15.54421533 44082
1 25544U 98067A   17054.88727694  .00003050  00000-0  52771-4 0  9992
2 25544  51.6407 243.0963 0006752 221.3546 281.9195 15.54424041 44132
1 25544U 98067A   17054.88727694  .00003085  00000-0  53292-4 0  9999
2 25544  51.6408 243.0964 0006557 223.0397 280.2312 15.54424142 44135
1 25544U 98067A   17055.00889828  .00003052  00000-0  52797-4 0  9995
2 25544  51.6407 242.4894 0006562 223.5977 240.7092 15.54424893 44155
1 25544U 98067A   17055.32239902  .00003099  00000-0  53498-4 0  9992
2 25544  51.6408 240.9259 0006614 225.0036 194.7989 15.54427509 44201
1 25544U 98067A   17055.58831793  .00003357  00000-0  57333-4 0  9995
2 25544  51.6403 239.5999 0006827 224.2744 244.5966 15.54431376 44244
1 25544U 98067A   17055.58831793  .00003357  00000-0  57333-4 0  9995
2 25544  51.6403 239.5999 0006827 224.2744 244.5966 15.54431376 44244
1 25544U 98067A   17055.86344907  .00004116  00000-0  68631-4 0  9999
2 25544  51.6405 238.2292 0006535 227.7790 341.7482 15.54437800 44288
1 25544U 98067A   17055.90573447  .00004116  00000-0  68631-4 0  9997
2 25544  51.6405 238.0182 0006535 227.9305 218.3817 15.54438190 44293
1 25544U 98067A   17055.97885185  .00018774  00000-0  28647-3 0  9996
2 25544  51.6412 237.6632 0006911 227.6655 268.1045 15.54462621 44303
1 25544U 98067A   17055.97885185  .00018774  00000-0  28647-3 0  9996
2 25544  51.6412 237.6632 0006911 227.6655 268.1045 15.54462621 44303
1 25544U 98067A   17056.55314480 -.00004112  00000-0 -54130-4 0  9996
2 25544  51.6401 234.7956 0006312 234.6177 237.0398 15.54451179 44391
1 25544U 98067A   17056.55314480 -.00004112  00000-0 -54130-4 0  9996
2 25544  51.6401 234.7956 0006312 234.6177 237.0398 15.54451179 44391
1 25544U 98067A   17056.74654067 -.00004112  00000-0 -54130-4 0  9995
2 25544  51.6401 233.8306 0006312 235.3345 239.2886 15.54449772 44421
1 25544U 98067A   17057.13192223  .00002867  00000-0  49967-4 0  9995
2 25544  51.6414 231.9063 0006347 235.2593 237.4185 15.54461031 44486
1 25544U 98067A   17057.31599896  .00003189  00000-0  54767-4 0  9994
2 25544  51.6414 230.9878 0006347 236.0927 187.3743 15.54462976 44515
1 25544U 98067A   17057.51663146  .00003119  00000-0  53718-4 0  9994
2 25544  51.6411 229.9869 0006311 237.2888 229.6758 15.54464317 44540
1 25544U 98067A   17057.57677507  .00002876  00000-0  50105-4 0  9992
2 25544  51.6411 229.6868 0006306 237.3901 206.3646 15.54464121 44559
1 25544U 98067A   17057.57677507  .00002876  00000-0  50105-4 0  9992
2 25544  51.6411 229.6868 0006306 237.3901 206.3646 15.54464121 44559
1 25544U 98067A   17057.57677507  .00002876  00000-0  50105-4 0  9992
2 25544  51.6411 229.6868 0006306 237.3901 206.3646 15.54464121 44559
1 25544U 98067A   17057.64301881  .00002697  00000-0  47432-4 0  9999
2 25544  51.6412 229.3560 0006324 237.5072 217.1975 15.54464085 44562
1 25544U 98067A   17057.91101148  .00002294  00000-0  41423-4 0  9990
2 25544  51.6414 228.0196 0006361 238.2914 277.1117 15.54464540 44604
1 25544U 98067A   17057.97339697  .00002329  00000-0  41954-4 0  9996
2 25544  51.6414 227.7083 0006355 238.5817 266.1669 15.54464996 44619
1 25544U 98067A   17058.27966043  .00002289  00000-0  41348-4 0  9993
2 25544  51.6414 226.1805 0006332 239.9086 179.8502 15.54466585 44669
1 25544U 98067A   17058.27966043  .00002289  00000-0  41348-4 0  9993
2 25544  51.6414 226.1805 0006332 239.9086 179.8502 15.54466585 44669
1 25544U 98067A   17058.46889258  .00002403  00000-0  43047-4 0  9992
2 25544  51.6414 225.2364 0006323 240.8343 158.5867 15.54468078 44696
1 25544U 98067A   17058.60775782  .00002087  00000-0  38338-4 0  9999
2 25544  51.6414 224.5436 0006373 240.8075 216.2274 15.54467599 44719
1 25544U 98067A   17058.60775782  .00002087  00000-0  38338-4 0  9999
2 25544  51.6414 224.5436 0006373 240.8075 216.2274 15.54467599 44719
1 25544U 98067A   17058.60775782  .00002087  00000-0  38338-4 0  9999
2 25544  51.6414 224.5436 0006373 240.8075 216.2274 15.54467599 44719
1 25544U 98067A   17058.68857639  .00002132  00000-0  39011-4 0  9999
2 25544  51.6416 224.1399 0006354 241.4429 308.1601 15.54468213 44724
1 25544U 98067A   17058.87450375  .00002274  00000-0  41119-4 0  9995
2 25544  51.6419 223.2131 0006326 241.9455 268.8147 15.54469778 44751
1 25544U 98067A   17058.93858535  .00002296  00000-0  41445-4 0  9998
2 25544  51.6419 222.8933 0006319 242.1527 267.4522 15.54470219 44766
1 25544U 98067A   17058.99324250  .00002325  00000-0  41888-4 0  9990
2 25544  51.6418 222.6205 0006315 242.4547 213.2199 15.54470635 44778
1 25544U 98067A   17058.99324250  .00002325  00000-0  41888-4 0  9990
2 25544  51.6418 222.6205 0006315 242.4547 213.2199 15.54470635 44778
1 25544U 98067A   17058.99324250  .00002325  00000-0  41888-4 0  9990
2 25544  51.6418 222.6205 0006315 242.4547 213.2199 15.54470635 44778
1 25544U 98067A   17059.23476852  .00002340  00000-0  42100-4 0  9999
2 25544  51.6418 221.4155 0006320 243.3184 124.8561 15.54472052 44812
1 25544U 98067A   17059.57770171  .00002783  00000-0  48698-4 0  9996
2 25544  51.6420 219.7044 0006311 245.0116 243.5333 15.54476170 44862
1 25544U 98067A   17059.57770171  .00002783  00000-0  48698-4 0  9996
2 25544  51.6420 219.7044 0006311 245.0116 243.5333 15.54476170 44862
1 25544U 98067A   17059.83075553  .00002893  00000-0  50327-4 0  9991
2 25544  51.6426 218.4413 0006277 245.7437 219.8623 15.54478446 44909
1 25544U 98067A   17059.96644072  .00002905  00000-0  50512-4 0  9993
2 25544  51.6426 217.7642 0006272 246.4654 258.9553 15.54479420 44920
1 25544U 98067A   17060.19482639  .00002910  00000-0  50582-4 0  9992
2 25544  51.6426 216.6246 0006276 247.2398  97.1046 15.54480991 44954
1 25544U 98067A   17060.53954561  .00002988  00000-0  51737-4 0  9996
2 25544  51.6424 214.9056 0006241 248.7649 225.9563 15.54483832 45019
1 25544U 98067A   17060.60047944  .00003005  00000-0  51983-4 0  9996
2 25544  51.6424 214.6016 0006229 249.0522 206.8895 15.54484298 45026
1 25544U 98067A   17060.60047944  .00003005  00000-0  51983-4 0  9996
2 25544  51.6424 214.6016 0006229 249.0522 206.8895 15.54484298 45026
1 25544U 98067A   17060.86242325  .00003184  00000-0  54641-4 0  9996
2 25544  51.6428 213.2954 0006198 250.0152 232.7771 15.54487002 45063
1 25544U 98067A   17060.93014039  .00003208  00000-0  55002-4 0  9992
2 25544  51.6427 212.9574 0006184 250.3801 251.6194 15.54487605 45074
1 25544U 98067A   17061.15909722  .00003216  00000-0  55114-4 0  9992
2 25544  51.6427 211.8150 0006178 251.2391  92.8889 15.54489320 45105
1 25544U 98067A   17061.30594184  .00169337  00000-0  25079-2 0  9993
2 25544  51.6439 211.0921 0007213 242.8578 203.3413 15.54141636 45130
1 25544U 98067A   17061.55597447 -.00042462  00000-0 -63802-3 0  9993
2 25544  51.6402 209.8449 0007151 245.5209 160.4650 15.54078283 45179
1 25544U 98067A   17061.55597447 -.00042462  00000-0 -63802-3 0  9993
2 25544  51.6402 209.8449 0007151 245.5209 160.4650 15.54078283 45179
1 25544U 98067A   17061.89374287  .00020876  00000-0  32165-3 0  9996
2 25544  51.6415 208.1606 0006847 246.0797 250.9128 15.54118094 45225
1 25544U 98067A   17062.26734006  .00015841  00000-0  24591-3 0  9997
2 25544  51.6417 206.2976 0006837 246.9687 181.6236 15.54126871 45280
1 25544U 98067A   17062.53356041  .00007077  00000-0  11404-3 0  9997
2 25544  51.6421 204.9733 0007025 247.0917 231.9359 15.54120726 45322
1 25544U 98067A   17062.59537538  .00007718  00000-0  12368-3 0  9997
2 25544  51.6436 204.6634 0007110 247.2026 217.9012 15.54122891 45339
1 25544U 98067A   17062.59537538  .00007718  00000-0  12368-3 0  9997
2 25544  51.6436 204.6634 0007110 247.2026 217.9012 15.54122891 45339
1 25544U 98067A   17062.74247685  .00006757  00000-0  10920-3 0  9999
2 25544  51.6432 203.9282 0006990 247.7303 320.9275 15.54123278 45352
1 25544U 98067A   17062.74247685 -.00000396  00000-0  13302-5 0  9992
2 25544  51.6430 204.2490 0006945 248.1203 320.2984 15.54121403 45357
1 25544U 98067A   17063.55054013  .00003395  00000-0  58524-4 0  9998
2 25544  51.6437 199.8995 0006938 250.5944 162.0395 15.54124586 45481
1 25544U 98067A   17063.55054013  .00003395  00000-0  58524-4 0  9998
2 25544  51.6437 199.8995 0006938 250.5944 162.0395 15.54124586 45481
1 25544U 98067A   17063.63886574  .00003324  00000-0  57458-4 0  9999
2 25544  51.6437 199.4591 0006946 250.9439 296.1857 15.54125064 45496
1 25544U 98067A   17063.82690488  .00003707  00000-0  63215-4 0  9990
2 25544  51.6438 198.5214 0006880 251.9678 267.9137 15.54127785 45525
1 25544U 98067A   17063.88824510  .00003701  00000-0  63135-4 0  9996
2 25544  51.6438 198.2155 0006875 252.2124 251.0865 15.54128272 45535
1 25544U 98067A   17064.18537037  .00003769  00000-0  64155-4 0  9992
2 25544  51.6438 196.7339 0006886 253.1760 113.6021 15.54131002 45587
1 25544U 98067A   17064.52406696  .00003194  00000-0  55480-4 0  9999
2 25544  51.6441 195.0453 0006924 253.9735 209.0270 15.54133284 45639
1 25544U 98067A   17064.52406696  .00003194  00000-0  55480-4 0  9999
2 25544  51.6441 195.0453 0006924 253.9735 209.0270 15.54133284 45639
1 25544U 98067A   17064.85364480  .00003918  00000-0  66373-4 0  9996
2 25544  51.6428 193.4003 0006879 254.7737 253.4046 15.54137320 45681
1 25544U 98067A   17065.08274306  .00003823  00000-0  64941-4 0  9993
2 25544  51.6431 192.2576 0006895 255.8282  94.9792 15.54138888 45712
1 25544U 98067A   17065.22548443  .00003954  00000-0  66917-4 0  9995
2 25544  51.6431 191.5459 0006882 256.3711 173.5923 15.54140743 45749
1 25544U 98067A   17065.56793981  .00003800  00000-0  64586-4 0  9991
2 25544  51.6432 189.8382 0006932 257.6582 289.5802 15.54142949 45790
1 25544U 98067A   17065.56793981  .00003800  00000-0  64586-4 0  9991
2 25544  51.6432 189.8382 0006932 257.6582 289.5802 15.54142949 45790
1 25544U 98067A   17065.87048880  .00003849  00000-0  65318-4 0  9993
2 25544  51.6432 188.3310 0006945 258.4723 182.6260 15.54145775 45842
1 25544U 98067A   17066.19039694  .00003878  00000-0  65750-4 0  9994
2 25544  51.6431 186.7357 0006965 259.8013 172.3485 15.54148748 45896
1 25544U 98067A   17066.31239789  .00003876  00000-0  65712-4 0  9991
2 25544  51.6431 186.1274 0006952 260.2250 134.9652 15.54149843 45913
1 25544U 98067A   17066.45561372  .00003803  00000-0  64613-4 0  9991
2 25544  51.6431 185.4134 0006937 260.8267 216.1778 15.54150753 45933
1 25544U 98067A   17066.45561372  .00003803  00000-0  64613-4 0  9991
2 25544  51.6431 185.4134 0006937 260.8267 216.1778 15.54150753 45933
1 25544U 98067A   17066.58438819  .00003770  00000-0  64111-4 0  9990
2 25544  51.6429 184.7714 0006941 261.2127 216.7543 15.54151587 45955
1 25544U 98067A   17066.84029477  .00003938  00000-0  66636-4 0  9995
2 25544  51.6438 183.4966 0006911 261.8864 208.8164 15.54154647 45996
1 25544U 98067A   17067.07364583  .00003966  00000-0  67054-4 0  9997
2 25544  51.6438 182.3330 0006895 262.6133  74.5456 15.54156832 46023
1 25544U 98067A   17067.56277778  .00003960  00000-0  66961-4 0  9990
2 25544  51.6432 179.8939 0006886 264.9620 290.6905 15.54161086 46105
1 25544U 98067A   17067.61042603  .00003916  00000-0  66287-4 0  9995
2 25544  51.6429 179.6566 0006893 265.0145 197.4047 15.54161233 46113
1 25544U 98067A   17067.61042603  .00003916  00000-0  66287-4 0  9995
2 25544  51.6429 179.6566 0006893 265.0145 197.4047 15.54161233 46113
1 25544U 98067A   17067.86608019  .00003894  00000-0  65964-4 0  9997
2 25544  51.6429 178.3819 0006898 265.9901 187.7582 15.54163382 46151
1 25544U 98067A   17067.86608019  .00003941  00000-0  66662-4 0  9996
2 25544  51.6429 178.3833 0006919 264.9126 188.8368 15.54163584 46157
1 25544U 98067A   17068.11698696  .00003886  00000-0  65830-4 0  9999
2 25544  51.6429 177.1305 0006886 267.1045 151.3957 15.54165512 46192
1 25544U 98067A   17068.51200913  .00003727  00000-0  63430-4 0  9992
2 25544  51.6426 175.1611 0006935 268.5218 201.5902 15.54168076 46252
1 25544U 98067A   17068.51200913  .00003727  00000-0  63430-4 0  9992
2 25544  51.6426 175.1611 0006935 268.5218 201.5902 15.54168076 46252
1 25544U 98067A   17068.64651132  .00003752  00000-0  63804-4 0  9992
2 25544  51.6421 174.4917 0006936 268.7480 234.4037 15.54169292 46279
1 25544U 98067A   17068.76821694  .00003731  00000-0  63486-4 0  9990
2 25544  51.6420 173.8849 0006942 269.1458 195.4018 15.54170249 46293
1 25544U 98067A   17069.07245370  .00003670  00000-0  62567-4 0  9997
2 25544  51.6421 172.3675 0006943 270.2962  97.5895 15.54172540 46346
1 25544U 98067A   17069.27128787  .00003679  00000-0  62697-4 0  9994
2 25544  51.6420 171.3768 0006999 271.0781 130.0274 15.54174273 46378
1 25544U 98067A   17069.55554398  .00003730  00000-0  63460-4 0  9993
2 25544  51.6418 169.9601 0006969 272.7832 279.7988 15.54176888 46418
1 25544U 98067A   17069.60929067  .00003759  00000-0  63892-4 0  9998
2 25544  51.6419 169.6922 0006959 273.0511 220.4453 15.54177492 46422
1 25544U 98067A   17069.60929067  .00003759  00000-0  63892-4 0  9998
2 25544  51.6419 169.6922 0006959 273.0511 220.4453 15.54177492 46422
1 25544U 98067A   17069.96743056  .00003732  00000-0  63484-4 0  9997
2 25544  51.6421 167.9067 0006988 274.6493  63.9841 15.54180470 46470
1 25544U 98067A   17070.19892485  .00003843  00000-0  65147-4 0  9996
2 25544  51.6423 166.7522 0006997 275.9909 278.7273 15.54183132 46519
1 25544U 98067A   17070.56495006  .00003883  00000-0  65736-4 0  9993
2 25544  51.6419 164.9280 0006973 277.8103 166.2002 15.54186444 46572
1 25544U 98067A   17070.56495006  .00003883  00000-0  65736-4 0  9993
2 25544  51.6419 164.9280 0006973 277.8103 166.2002 15.54186444 46572
1 25544U 98067A   17070.63241243  .00003979  00000-0  67179-4 0  9992
2 25544  51.6423 164.5928 0006954 278.1819 183.5356 15.54187441 46582
1 25544U 98067A   17070.76826441  .00004009  00000-0  67626-4 0  9997
2 25544  51.6426 163.9162 0006947 279.4609 222.8623 15.54188847 46609
1 25544U 98067A   17070.76826441  .00004016  00000-0  67737-4 0  9998
2 25544  51.6426 163.9160 0006940 279.6276 222.6956 15.54188883 46609
1 25544U 98067A   17071.23137374  .00004017  00000-0  67744-4 0  9990
2 25544  51.6427 161.6070 0006971 281.3166 293.8622 15.54193083 46672
1 25544U 98067A   17071.27741132  .00003972  00000-0  67065-4 0  9992
2 25544  51.6425 161.3775 0006977 281.4286 191.5050 15.54193251 46686
1 25544U 98067A   17071.52838381  .00004006  00000-0  67572-4 0  9995
2 25544  51.6423 160.1262 0007015 282.1019 155.9773 15.54195396 46721
1 25544U 98067A   17071.52838381  .00004006  00000-0  67572-4 0  9995
2 25544  51.6423 160.1262 0007015 282.1019 155.9773 15.54195396 46721
1 25544U 98067A   17071.55011574  .00004016  00000-0  67716-4 0  9996
2 25544  51.6424 160.0179 0006997 282.2055 277.5469 15.54195652 46725
1 25544U 98067A   17071.73172751  .00004010  00000-0  67628-4 0  9997
2 25544  51.6425 159.1131 0007014 283.3118 213.2509 15.54197297 46758
1 25544U 98067A   17071.80295987  .00004007  00000-0  67572-4 0  9996
2 25544  51.6425 158.7576 0007009 283.7371 251.6430 15.54197930 46769
1 25544U 98067A   17072.19445243  .00003935  00000-0  66482-4 0  9999
2 25544  51.6426 156.8065 0007051 286.3935 280.8830 15.54201055 46823
1 25544U 98067A   17072.22824821  .00003871  00000-0  65529-4 0  9996
2 25544  51.6424 156.6379 0007088 285.7387 110.7558 15.54201174 46832
1 25544U 98067A   17072.51424769  .00003671  00000-0  62520-4 0  9991
2 25544  51.6431 155.2120 0007064 287.8890 269.8642 15.54202577 46877
1 25544U 98067A   17072.58079861  .00003717  00000-0  63203-4 0  9997
2 25544  51.6432 154.8806 0007073 287.6781 282.6848 15.54203430 46882
1 25544U 98067A   17072.58079861  .00003717  00000-0  63203-4 0  9997
2 25544  51.6432 154.8806 0007073 287.6781 282.6848 15.54203430 46882
1 25544U 98067A   17072.68890080  .00003698  00000-0  62913-4 0  9997
2 25544  51.6434 154.3421 0007089 288.1057 167.5041 15.54204285 46909
1 25544U 98067A   17072.99430556  .00003674  00000-0  62551-4 0  9991
2 25544  51.6435 152.8192 0007104 289.1777  76.3471 15.54206731 46953
1 25544U 98067A   17073.26146752  .00003438  00000-0  58993-4 0  9997
2 25544  51.6433 151.4873 0007054 290.4985 130.8219 15.54207577 46991
1 25544U 98067A   17073.53367321  .00003151  00000-0  54687-4 0  9992
2 25544  51.6432 150.1300 0007026 291.0407 214.3148 15.54208078 47038
1 25544U 98067A   17073.53367321  .00003151  00000-0  54687-4 0  9992
2 25544  51.6432 150.1300 0007026 291.0407 214.3148 15.54208078 47038
1 25544U 98067A   17073.59757234  .00003182  00000-0  55149-4 0  9992
2 25544  51.6435 149.8114 0007006 291.5980 211.5204 15.54208770 47040
1 25544U 98067A   17073.66495164 +.00003088 +00000-0 +53730-4 0  9990
2 25544 051.6433 149.4757 0007030 291.3860 228.9787 15.54208791047051
1 25544U 98067A   17074.91986111 +.00002244 +00000-0 +41038-4 0  9997
2 25544 051.6434 143.2189 0007039 297.7891 048.6338 15.54212656047241
1 25544U 98067A   17075.95152778 +.00001773 +00000-0 +33947-4 0  9992
2 25544 051.6434 138.0748 0007006 301.6640 060.9310 15.54215659047417
1 25544U 98067A   17076.61061985 +.00001935 +00000-0 +36389-4 0  9998
2 25544 051.6428 134.7899 0007019 305.3913 147.3908 15.54219528047511
1 25544U 98067A   17077.64837083 +.00001665 +00000-0 +32320-4 0  9993
2 25544 051.6420 129.6155 0006880 308.3866 194.6632 15.54222906047676
1 25544U 98067A   17078.61187328 +.00001386 +00000-0 +28128-4 0  9992
2 25544 051.6421 124.8111 0007023 313.4571 184.1549 15.54225252047821
1 25544U 98067A   17079.63244476 +.00000994 +00000-0 +22236-4 0  9991
2 25544 051.6417 119.7224 0006987 317.2121 134.4987 15.54227045047988
1 25544U 98067A   17080.91291815 +.00000998 +00000-0 +22293-4 0  9990
2 25544 051.6418 113.3379 0007038 322.7961 098.1992 15.54230764048188
1 25544U 98067A   17081.94505660 +.00001086 +00000-0 +23612-4 0  9995
2 25544 051.6417 108.1921 0007084 326.6531 113.2343 15.54234604048343
1 25544U 98067A   17082.60003199 +.00002246 +00000-0 +41022-4 0  9993
2 25544 051.6421 104.9264 0007319 330.1416 176.9538 15.54243339048443
1 25544U 98067A   17083.87078583 +.00002794 +00000-0 +49244-4 0  9994
2 25544 051.6417 098.5912 0007240 334.3738 087.6828 15.54253229048643
1 25544U 98067A   17084.90100100 +.00002847 +00000-0 +50029-4 0  9992
2 25544 051.6418 093.4538 0007279 338.2943 091.9717 15.54260139048806
1 25544U 98067A   17085.86699654 +.00002420 +00000-0 +43611-4 0  9991
2 25544 051.6419 088.6361 0007310 341.9191 096.9999 15.54263976048954
1 25544U 98067A   17086.52170897 +.00002227 +00000-0 +40713-4 0  9993
2 25544 051.6414 085.3710 0007236 344.6654 160.0285 15.54266642049058
1 25544U 98067A   17087.54228215 +.00002053 +00000-0 +38088-4 0  9993
2 25544 051.6415 080.2817 0007267 348.2958 110.6655 15.54271263049217
1 25544U 98067A   17088.88997985 +.00002977 +00000-0 +51928-4 0  9991
2 25544 051.6423 073.5618 0007382 353.5324 091.3573 15.54284560049425
1 25544U 98067A   17089.97395244 +.00014889 +00000-0 +22996-3 0  9999
2 25544 051.6424 068.1603 0007700 001.8823 032.3854 15.54317571049595
1 25544U 98067A   17090.94241878 +.00004375 +00000-0 +72819-4 0  9990
2 25544 051.6423 063.3303 0007511 002.3626 054.5257 15.54309367049749
1 25544U 98067A   17091.90489630 +.00004329 +00000-0 +72118-4 0  9998
2 25544 051.6427 058.5306 0007382 006.1708 039.8614 15.54318586049893
1 25544U 98067A   17092.87615525 +.00003943 +00000-0 +66311-4 0  9998
2 25544 051.6440 053.6920 0007568 009.1338 075.2403 15.54327919050043
1 25544U 98067A   17093.89997377 -.00374146 +00000-0 -59469-2 0  9991
2 25544 051.6388 048.5881 0008452 007.5935 049.0372 15.53922235050204
1 25544U 98067A   17094.87228660 +.00015350 +00000-0 +23946-3 0  9991
2 25544 051.6428 043.7390 0006453 027.5758 072.2250 15.54021881050352
1 25544U 98067A   17095.83618703 +.00006824 +00000-0 +11062-3 0  9991
2 25544 051.6440 038.9341 0006588 027.9530 067.9163 15.54025161050505
1 25544U 98067A   17096.86715720 +.00004748 +00000-0 +79187-4 0  9998
2 25544 051.6425 033.7972 0006609 030.9841 076.4543 15.54031027050666
1 25544U 98067A   17097.89684973 +.00003645 +00000-0 +62495-4 0  9996
2 25544 051.6434 028.6634 0006686 034.9588 076.9179 15.54035691050820
1 25544U 98067A   17098.86053830 +.00003442 +00000-0 +59411-4 0  9995
2 25544 051.6434 023.8590 0006670 038.3011 068.5407 15.54042428050973
1 25544U 98067A   17099.89093583 +.00003574 +00000-0 +61382-4 0  9994
2 25544 051.6436 018.7227 0006751 042.4426 072.8559 15.54051637051138
1 25544U 98067A   17100.91585669 +.00004073 +00000-0 +68900-4 0  9999
2 25544 051.6438 013.6132 0006655 046.7328 046.4055 15.54063010051293
1 25544U 98067A   17101.93869354 +.00004334 +00000-0 +72821-4 0  9995
2 25544 051.6444 008.5144 0006797 048.8184 010.5277 15.54074095051457
1 25544U 98067A   17102.97366337 +.00004524 +00000-0 +75652-4 0  9999
2 25544 051.6431 003.3570 0006875 051.8583 041.6610 15.54085267051610
1 25544U 98067A   17103.94166881 +.00004267 +00000-0 +71756-4 0  9994
2 25544 051.6435 358.5314 0007011 054.7421 058.0820 15.54093310051760
1 25544U 98067A   17104.90477568 +.00003390 +00000-0 +58515-4 0  9992
2 25544 051.6431 353.7315 0007021 057.0920 047.6236 15.54097387051915
1 25544U 98067A   17105.87060019 +.00003156 +00000-0 +54969-4 0  9997
2 25544 051.6434 348.9165 0006992 060.4905 051.3661 15.54103949052067
1 25544U 98067A   17106.82871304 +.00003396 +00000-0 +58567-4 0  9994
2 25544 051.6433 344.1410 0007114 064.0450 011.8096 15.54112492052212
1 25544U 98067A   17107.86235943 +.00003125 +00000-0 +54473-4 0  9994
2 25544 051.6439 338.9875 0007146 068.3950 034.3493 15.54118772052376
1 25544U 98067A   17108.89682041 +.00002831 +00000-0 +50020-4 0  9990
2 25544 051.6438 333.8309 0007185 071.6711 062.5473 15.54124690052531
1 25544U 98067A   17109.92096824 +.00002787 +00000-0 +49344-4 0  9990
2 25544 051.6434 328.7262 0007243 075.4107 032.5712 15.54131334052697
1 25544U 98067A   17110.89130321 +.00002961 +00000-0 +51958-4 0  9997
2 25544 051.6431 323.8890 0007207 078.5454 061.9507 15.54138613052848
1 25544U 98067A   17111.92164981 +.00002043 +00000-0 +38111-4 0  9998
2 25544 051.6434 318.7537 0007142 081.8895 067.0957 15.54139906053007
1 25544U 98067A   17112.88405880 +.00002035 +00000-0 +37993-4 0  9998
2 25544 051.6428 313.9569 0007141 083.9098 053.2400 15.54144987053150
1 25544U 98067A   17113.90235694 +.00005875 +00000-0 +95778-4 0  9996
2 25544 051.6424 308.8830 0007089 084.6661 353.6210 15.54167047053311
1 25544U 98067A   17114.87832568 +.00005686 +00000-0 +92891-4 0  9999
2 25544 051.6427 304.0141 0007090 090.9174 051.5579 15.54178182053468
1 25544U 98067A   17115.90091205 +.00005679 +00000-0 +92746-4 0  9990
2 25544 051.6425 298.9146 0007203 093.2346 014.4674 15.54190537053625
1 25544U 98067A   17116.87246948 +.00004840 +00000-0 +80115-4 0  9999
2 25544 051.6427 294.0704 0007239 096.8444 050.4048 15.54197325053774
1 25544U 98067A   17117.89041289 -.00158687 +00000-0 -24621-2 0  9992
2 25544 051.6432 289.0003 0006055 101.4704 344.3366 15.53834686053936
1 25544U 98067A   17118.86658832 +.00003789 +00000-0 +64904-4 0  9998
2 25544 051.6427 284.1335 0005712 103.4876 046.8313 15.53931139054089
1 25544U 98067A   17119.89726473 +.00002379 +00000-0 +43484-4 0  9993
2 25544 051.6421 278.9984 0006007 108.5896 051.3109 15.53933539054248
1 25544U 98067A   17120.92308394 +.00002648 +00000-0 +47554-4 0  9998
2 25544 051.6427 273.8861 0005944 111.8065 030.5102 15.53940631054407
1 25544U 98067A   17121.88351339 +.00002452 +00000-0 +44566-4 0  9994
2 25544 051.6426 269.0968 0005828 114.5552 004.1588 15.53946545054554
1 25544U 98067A   17122.51967443 +.00002408 +00000-0 +43900-4 0  9996
2 25544 051.6425 265.9263 0005861 117.0252 322.8697 15.53950181054651
1 25544U 98067A   17122.90753764 +.00002705 +00000-0 +48402-4 0  9990
2 25544 051.6423 263.9933 0005861 117.9260 333.2047 15.53953763054710
1 25544U 98067A   17123.62966435 +.00002590 +00000-0 +46647-4 0  9992
2 25544 051.6419 260.3942 0005893 120.5934 052.9626 15.53957554054821
1 25544U 98067A   17123.88144377 +.00002595 +00000-0 +46727-4 0  9997
2 25544 051.6417 259.1403 0005875 121.5465 021.4590 15.53959036054869
1 25544U 98067A   17124.57892936 +.00002511 +00000-0 +45435-4 0  9998
2 25544 051.6414 255.6645 0005819 124.6791 322.8296 15.53963064054978
1 25544U 98067A   17124.83855883 +.00002555 +00000-0 +46104-4 0  9999
2 25544 051.6415 254.3711 0005715 124.5522 336.3551 15.53964796055018
1 25544U 98067A   17125.21849080 +.00002605 +00000-0 +46858-4 0  9996
2 25544 051.6415 252.4770 0005705 125.9198 301.8433 15.53967431055076
1 25544U 98067A   17125.47998944 +.00002778 +00000-0 +49476-4 0  9998
2 25544 051.6417 251.1751 0005804 127.0105 324.6272 15.53970335055110
1 25544U 98067A   17125.80247069 +.00002919 +00000-0 +51614-4 0  9994
2 25544 051.6404 249.5672 0005641 127.7179 329.1696 15.53972636055167
1 25544U 98067A   17126.58856481 +.00002780 +00000-0 +49495-4 0  9994
2 25544 051.6401 245.6477 0005666 129.9909 047.4633 15.53976999055286
1 25544U 98067A   17126.83953778 +.00002746 +00000-0 +48981-4 0  9990
2 25544 051.6399 244.3968 0005680 131.1961 011.2119 15.53978441055329
1 25544U 98067A   17127.55253472 +.00002536 +00000-0 +45791-4 0  9997
2 25544 051.6399 240.8429 0005562 133.2633 040.5245 15.53981905055436
1 25544U 98067A   17127.80504250 +.00002429 +00000-0 +44158-4 0  9995
2 25544 051.6401 239.5847 0005477 133.8172 013.5195 15.53983098055471
1 25544U 98067A   17128.58239583 +.00002366 +00000-0 +43195-4 0  9995
2 25544 051.6408 235.7093 0005439 136.2290 042.7767 15.53987596055594
1 25544U 98067A   17128.76151069 +.00002434 +00000-0 +44235-4 0  9999
2 25544 051.6408 234.8164 0005436 136.8108 324.8929 15.53988929055623
1 25544U 98067A   17129.53496066 +.00002507 +00000-0 +45334-4 0  9996
2 25544 051.6413 230.9611 0005477 139.0197 332.5179 15.53993832055746
1 25544U 98067A   17129.85414529 +.00002627 +00000-0 +47149-4 0  9994
2 25544 051.6415 229.3702 0005475 140.0621 318.3016 15.53996322055797
1 25544U 98067A   17130.26143622 +.00002634 +00000-0 +47249-4 0  9993
2 25544 051.6416 227.3400 0005429 141.3133 077.1058 15.53998912055852
1 25544U 98067A   17130.55840073 +.00002517 +00000-0 +45474-4 0  9997
2 25544 051.6420 225.8597 0005440 142.2093 298.6451 15.53999988055902
1 25544U 98067A   17130.75588575 +.00002473 +00000-0 +44805-4 0  9993
2 25544 051.6422 224.8753 0005415 142.7898 323.6062 15.54000920055937
1 25544U 98067A   17131.22266424 +.00002341 +00000-0 +42807-4 0  9996
2 25544 051.6421 222.5482 0005400 144.2821 055.1917 15.54002961056009
1 25544U 98067A   17131.59792321 +.00002092 +00000-0 +39024-4 0  9996
2 25544 051.6432 220.6807 0005403 145.8482 354.3636 15.54003729056065
1 25544U 98067A   17131.72584779 +.00002037 +00000-0 +38184-4 0  9992
2 25544 051.6435 220.0433 0005347 146.2916 350.0569 15.54004211056088
1 25544U 98067A   17132.56208255 +.00001543 +00000-0 +30693-4 0  9995
2 25544 051.6436 215.8783 0005362 148.6953 348.9895 15.54005510056219
1 25544U 98067A   17132.91872685 +.00001462 +00000-0 +29466-4 0  9994
2 25544 051.6435 214.0999 0005348 149.9742 184.2515 15.54006588056263
1 25544U 98067A   17133.54043981 +.00001271 +00000-0 +26581-4 0  9996
2 25544 051.6429 211.0011 0005424 152.7162 061.9406 15.54007961056368
1 25544U 98067A   17133.95012731 +.00001185 +00000-0 +25270-4 0  9998
2 25544 051.6431 208.9597 0005402 153.4911 194.6517 15.54009030056424
1 25544U 98067A   17134.54500569 +.00001231 +00000-0 +25971-4 0  9995
2 25544 051.6421 205.9955 0005331 155.9297 282.4290 15.54011249056523
1 25544U 98067A   17134.67768638 +.00001213 +00000-0 +25686-4 0  9995
2 25544 051.6421 205.3341 0005320 156.4557 304.6694 15.54011654056546
1 25544U 98067A   17135.63657587 +.00001345 +00000-0 +27694-4 0  9999
2 25544 051.6419 200.5548 0005285 160.0979 269.0434 15.54015589056691
1 25544U 98067A   17135.87828704 +.00001369 +00000-0 +28045-4 0  9993
2 25544 051.6419 199.3496 0005276 160.9060 181.3753 15.54016593056728
1 25544U 98067A   17136.22141814 +.00001263 +00000-0 +26449-4 0  9992
2 25544 051.6416 197.6395 0005241 161.8337 301.3509 15.54017233056784
1 25544U 98067A   17136.91012731 +.00001031 +00000-0 +22926-4 0  9992
2 25544 051.6411 194.2066 0005316 164.8106 193.8819 15.54018135056888
1 25544U 98067A   17137.56906321 +.00000878 +00000-0 +20608-4 0  9994
2 25544 051.6401 190.9251 0005238 167.0669 280.4608 15.54019259056997
1 25544U 98067A   17137.76428422 +.00000891 +00000-0 +20809-4 0  9995
2 25544 051.6403 189.9518 0005214 167.7282 292.6823 15.54019900057027
1 25544U 98067A   17138.53789694 +.00010471 +00000-0 +16649-3 0  9993
2 25544 051.6431 186.1005 0005417 167.7458 303.2068 15.53904648057142
1 25544U 98067A   17138.90103009 -.00014041 +00000-0 -20695-3 0  9999
2 25544 051.6420 184.2886 0005349 168.9397 174.7221 15.53882687057190
1 25544U 98067A   17139.56773853 +.00001500 +00000-0 +30156-4 0  9990
2 25544 051.6407 180.9672 0005533 169.1545 306.5881 15.53901624057307
1 25544U 98067A   17139.94414446 +.00001477 +00000-0 +29795-4 0  9992
2 25544 051.6404 179.0900 0005456 170.3194 252.4528 15.53903239057362
1 25544U 98067A   17140.54116529 +.00000518 +00000-0 +15208-4 0  9990
2 25544 051.6413 176.1151 0005291 173.4541 351.2906 15.53902520057455
1 25544U 98067A   17140.89773148 -.00000294 +00000-0 +28418-5 0  9994
2 25544 051.6410 174.3384 0005420 175.1023 185.6125 15.53901558057517
1 25544U 98067A   17141.50287272 +.00001337 +00000-0 +27670-4 0  9997
2 25544 051.6413 171.3206 0005299 177.4095 330.7576 15.53908043057607
1 25544U 98067A   17141.86244213 +.00001471 +00000-0 +29701-4 0  9990
2 25544 051.6414 169.5283 0005379 178.6850 182.2756 15.53909977057666
1 25544U 98067A   17142.65238604 +.00001956 +00000-0 +37076-4 0  9997
2 25544 051.6415 165.5910 0005320 180.6090 282.3040 15.53915824057784
1 25544U 98067A   17143.55971652 +.00001871 +00000-0 +35767-4 0  9995
2 25544 051.6413 161.0691 0005307 183.9202 318.0549 15.53919490057925
1 25544U 98067A   17144.05474941 +.00001845 +00000-0 +35376-4 0  9997
2 25544 051.6411 158.6011 0005322 185.9327 207.1487 15.53921636058002
1 25544U 98067A   17144.52559414 +.00001577 +00000-0 +31298-4 0  9999
2 25544 051.6414 156.2551 0005322 187.8379 320.9452 15.53922333058074
1 25544U 98067A   17144.89781703 +.00001573 +00000-0 +31242-4 0  9992
2 25544 051.6416 154.3996 0005308 189.3117 243.1127 15.53923882058131
1 25544U 98067A   17145.55443664 +.00001584 +00000-0 +31400-4 0  9995
2 25544 051.6416 151.1276 0005248 190.8247 317.2527 15.53926869058237
1 25544U 98067A   17145.86265307 +.00001584 +00000-0 +31400-4 0  9995
2 25544 051.6411 149.5918 0005284 192.1809 241.2459 15.53928319058282
1 25544U 98067A   17146.57350904 +.00001688 +00000-0 +32974-4 0  9994
2 25544 051.6413 146.0488 0005140 194.6814 258.0121 15.53931367058393
1 25544U 98067A   17146.89427306 +.00001744 +00000-0 +33823-4 0  9997
2 25544 051.6413 144.4499 0005226 196.0634 252.2262 15.53933119058443
1 25544U 98067A   17147.48191753 +.00001495 +00000-0 +30036-4 0  9993
2 25544 051.6407 141.5222 0005170 198.4650 299.3748 15.53934137058532
1 25544U 98067A   17147.85566935 +.00001409 +00000-0 +28729-4 0  9993
2 25544 051.6408 139.6590 0005159 200.2569 229.7977 15.53935245058595
1 25544U 98067A   17148.88583786 +.00001267 +00000-0 +26573-4 0  9997
2 25544 051.6404 134.5244 0005176 204.2902 232.5235 15.53938309058756
1 25544U 98067A   17149.47672602 +.00002141 +00000-0 +39846-4 0  9998
2 25544 051.6403 131.5804 0005145 206.2138 298.3523 15.53945696058840
1 25544U 98067A   17149.90808664 +.00002401 +00000-0 +43788-4 0  9994
2 25544 051.6404 129.4302 0005191 207.6108 191.6830 15.53949401058915
1 25544U 98067A   17150.55628567 +.00003479 +00000-0 +60136-4 0  9991
2 25544 051.6401 126.2010 0005175 210.8391 217.0512 15.53958863059019
1 25544U 98067A   17150.87994690 +.00003501 +00000-0 +60461-4 0  9996
2 25544 051.6401 124.5875 0005158 212.1310 227.6043 15.53961554059068
1 25544U 98067A   17151.84546410 +.00003504 +00000-0 +60488-4 0  9999
2 25544 051.6412 119.7758 0005022 216.0442 228.6345 15.53968870059216
1 25544U 98067A   17152.87585561 +.00002427 +00000-0 +44144-4 0  9997
2 25544 051.6411 114.6401 0004903 220.1792 232.6057 15.53970142059372
1 25544U 98067A   17153.21472222 +.00001808 +00000-0 +34746-4 0  9994
2 25544 051.6415 112.9514 0004907 219.9005 329.8463 15.53968592059421
1 25544U 98067A   17153.39948495 +.00001516 +00000-0 +30326-4 0  9999
2 25544 051.6418 112.0313 0004857 221.3884 282.6551 15.53968162059458
1 25544U 98067A   17153.89608442 +.00001425 +00000-0 +28940-4 0  9997
2 25544 051.6419 109.5559 0004850 223.1783 180.8272 15.53969766059532
1 25544U 98067A   17154.48611204 +.00000872 +00000-0 +20534-4 0  9999
2 25544 051.6426 106.6155 0004807 226.5396 240.4283 15.53968962059621
1 25544U 98067A   17154.87078788 +.00000931 +00000-0 +21436-4 0  9994
2 25544 051.6424 104.6980 0004819 227.9696 232.4164 15.53970501059681
1 25544U 98067A   17155.55813657 +.00000981 +00000-0 +22191-4 0  9996
2 25544 051.6428 101.2726 0004815 230.6487 117.5203 15.53972774059783
1 25544U 98067A   17155.90063808 +.00001227 +00000-0 +25921-4 0  9998
2 25544 051.6424 099.5653 0004782 232.5241 232.9799 15.53975323059841
1 25544U 98067A   17156.35763110 +.00001683 +00000-0 +32839-4 0  9993
2 25544 051.6421 097.2881 0004666 234.7684 268.9972 15.53978940059910
1 25544U 98067A   17156.86223392 +.00001884 +00000-0 +35895-4 0  9990
2 25544 051.6419 094.7731 0004706 236.3702 212.1863 15.53982300059990
1 25544U 98067A   17157.62806167 +.00002380 +00000-0 +43406-4 0  9991
2 25544 051.6419 090.9570 0004682 239.7339 175.9756 15.53988626060115
1 25544U 98067A   17157.94655197 +.00002630 +00000-0 +47191-4 0  9994
2 25544 051.6418 089.3693 0004703 241.3496 157.2990 15.53992000060168
1 25544U 98067A   17158.85883466 +.00002903 +00000-0 +51317-4 0  9995
2 25544 051.6421 084.8219 0004663 245.8242 219.8714 15.53999267060306
1 25544U 98067A   17159.31600714 +.00002882 +00000-0 +51000-4 0  9995
2 25544 051.6423 082.5451 0004697 247.4151 257.5783 15.54001945060375
1 25544U 98067A   17159.94658398 +.00002366 +00000-0 +43167-4 0  9997
2 25544 051.6425 079.4014 0004593 249.0067 186.0207 15.54003184060471
1 25544U 98067A   17160.91338884 +.00001442 +00000-0 +29152-4 0  9993
2 25544 051.6425 074.5823 0004493 253.3640 193.9362 15.54003243060621
1 25544U 98067A   17161.54285880 +.00002306 +00000-0 +42257-4 0  9991
2 25544 051.6424 071.4505 0004450 256.7702 114.3756 15.54006995060724
1 25544U 98067A   17161.88361154 +.00001043 +00000-0 +23108-4 0  9998
2 25544 051.6429 069.7472 0004518 258.3800 220.3426 15.54005098060774
1 25544U 98067A   17162.50296296 +.00001424 +00000-0 +28883-4 0  9990
2 25544 051.6435 066.6598 0004393 262.2132 083.7285 15.54009294060865
1 25544U 98067A   17162.71754498 +.00001484 +00000-0 +29791-4 0  9991
2 25544 051.6435 065.5900 0004413 263.0923 204.1124 15.54010496060902
1 25544U 98067A   17163.54536440 +.00001833 +00000-0 +35067-4 0  9999
2 25544 051.6432 061.4654 0004389 264.9476 156.5205 15.54015374061030
1 25544U 98067A   17163.87205693 +.00001916 +00000-0 +36321-4 0  9994
2 25544 051.6431 059.8368 0004422 266.0362 184.3137 15.54017369061081
1 25544U 98067A   17164.50922405 +.00002016 +00000-0 +37842-4 0  9993
2 25544 051.6431 056.6611 0004416 268.2130 149.1141 15.54021074061180
1 25544U 98067A   17164.90379943 +.00002289 +00000-0 +41974-4 0  9993
2 25544 051.6428 054.6939 0004434 269.5557 196.6881 15.54024787061243
1 25544U 98067A   17165.54036565 +.00002684 +00000-0 +47936-4 0  9997
2 25544 051.6429 051.5210 0004374 272.4360 157.4443 15.54030493061341
1 25544U 98067A   17165.94652778 +.00002837 +00000-0 +50257-4 0  9991
2 25544 051.6426 049.4967 0004397 274.2668 269.4036 15.54033937061404
1 25544U 98067A   17166.17096130  .00003656  00000-0  55267-4 0  9997
2 25544  51.6400  48.3770 0005452 275.1637  84.9415 15.54036761189753
1 25544U 98067A   17166.91181713 +.00003101 +00000-0 +54234-4 0  9999
2 25544 051.6429 044.6851 0004394 279.5589 268.0393 15.54041751061553
1 25544U 98067A   17167.53403196 +.00002711 +00000-0 +48329-4 0  9994
2 25544 051.6431 041.5846 0004445 283.0899 147.8207 15.54043876061656
1 25544U 98067A   17167.92943441 +.00002190 +00000-0 +40448-4 0  9994
2 25544 051.6426 039.6141 0004382 284.2804 200.1851 15.54043210061712
1 25544U 98067A   17168.12419852 +.00002055 +00000-0 +38402-4 0  9998
2 25544 051.6427 038.6434 0004440 287.0211 207.7840 15.54043832061749
1 25544U 98067A   17168.63274311 +.00002129 +00000-0 +39518-4 0  9994
2 25544 051.6428 036.1077 0004464 289.4004 172.3800 15.54047111061824
1 25544U 98067A   17169.52889899 +.00002358 +00000-0 +42972-4 0  9998
2 25544 051.6430 031.6400 0004466 293.4951 145.2282 15.54053132061963
1 25544U 98067A   17169.91557708 +.00002434 +00000-0 +44124-4 0  9998
2 25544 051.6429 029.7131 0004453 295.4775 147.9865 15.54055531062021
1 25544U 98067A   17170.24157588 +.00002586 +00000-0 +46413-4 0  9999
2 25544 051.6429 028.0880 0004409 297.0190 171.4896 15.54058113062074
1 25544U 98067A   17170.55940302 +.00002574 +00000-0 +46237-4 0  9998
2 25544 051.6429 026.5035 0004432 298.3111 149.4958 15.54060002062122
1 25544U 98067A   17170.89804398 +.00002437 +00000-0 +44157-4 0  9996
2 25544 051.6428 024.8163 0004499 299.8084 243.8156 15.54061009062174
1 25544U 98067A   17171.52596809 +.00002365 +00000-0 +43059-4 0  9992
2 25544 051.6433 021.6866 0004512 302.1660 156.7879 15.54064579062279
1 25544U 98067A   17171.90739069 +.00002040 +00000-0 +38152-4 0  9999
2 25544 051.6432 019.7855 0004467 302.9721 131.3114 15.54065123062333
1 25544U 98067A   17172.55658125 +.00002031 +00000-0 +38009-4 0  9995
2 25544 051.6433 016.5489 0004481 306.0431 162.6375 15.54068539062432
1 25544U 98067A   17172.89442130 +.00001906 +00000-0 +36110-4 0  9990
2 25544 051.6433 014.8648 0004452 307.3885 252.6376 15.54069411062481
1 25544U 98067A   17173.57229360 +.00001906 +00000-0 +36110-4 0  9994
2 25544 051.6433 011.4847 0004451 309.9001 085.1029 15.54072654062591
1 25544U 98067A   17173.85872685 +.00001748 +00000-0 +33718-4 0  9994
2 25544 051.6434 010.0605 0004470 312.3046 246.2487 15.54072885062636
1 25544U 98067A   17174.84364442 +.00001413 +00000-0 +28647-4 0  9995
2 25544 051.6431 005.1510 0004554 315.6184 356.8690 15.54075385062783
1 25544U 98067A   17175.57344519 +.00001454 +00000-0 +29274-4 0  9991
2 25544 051.6422 001.5150 0004595 318.8096 119.3859 15.54078614062906
1 25544U 98067A   17175.90683419 +.00001623 +00000-0 +31826-4 0  9997
2 25544 051.6432 359.8525 0004574 320.0515 184.5882 15.54080561062959
1 25544U 98067A   17176.26333333 +.00001688 +00000-0 +32804-4 0  9992
2 25544 051.6431 358.0748 0004600 321.9223 018.5447 15.54082454063005
1 25544U 98067A   17176.54312311 +.00001645 +00000-0 +32145-4 0  9997
2 25544 051.6428 356.6798 0004604 323.1321 143.7117 15.54083442063055
1 25544U 98067A   17176.87292366 +.00001575 +00000-0 +31099-4 0  9999
2 25544 051.6431 355.0354 0004630 324.5316 188.6682 15.54084288063108
1 25544U 98067A   17177.22888889 +.00001560 +00000-0 +30859-4 0  9997
2 25544 051.6430 353.2604 0004633 325.9069 020.1341 15.54085667063157
1 25544U 98067A   17177.62543427 +.00001466 +00000-0 +29439-4 0  9994
2 25544 051.6431 351.2837 0004651 327.5512 078.5155 15.54086801063224
1 25544U 98067A   17177.90099241 +.00001519 +00000-0 +30248-4 0  9994
2 25544 051.6428 349.9097 0004636 328.8584 179.9005 15.54088120063268
1 25544U 98067A   17178.92115319 +.00001629 +00000-0 +31907-4 0  9997
2 25544 051.6424 344.8249 0004710 333.3184 126.7468 15.54092965063420
1 25544U 98067A   17179.55277728 +.00001597 +00000-0 +31420-4 0  9994
2 25544 051.6415 341.6758 0004785 336.7178 059.4635 15.54095577063523
1 25544U 98067A   17179.89573686 +.00001668 +00000-0 +32484-4 0  9993
2 25544 051.6420 339.9659 0004697 337.7731 178.4506 15.54097092063575
